1010   10  111 TapeT0
1011   11  111 EBIS
1012    4  111 Aux
1013    4  111 Aux
1014    4  111 Aux
1015    4  111 Aux
1016    4  111 Aux
1017    4  111 Aux
1018   12  111 BETA
1019    4  111 Aux
1020    3    2 SIDE
1021    3    4 SIDE
1022    3    6 SIDE
1023    3    8 SIDE
1024    3   10 SIDE
1025    4    2 AUX
1026    4    4 AUX
1027    4    6 AUX
1028    4    8 AUX
1029    4   10 AUX
1030    2   12 BGO
1031    2   14 BGO
1032    2   16 BGO
1033    2    8 BGO
1034    2   20 BGO
1035    1   12 GE
1036    1   14 GE
1037    1   16 GE
1038    1    8 GE
1039    1   20 GE
1040    3   12 SIDE
1041    3   14 SIDE
1042    3   16 SIDE
1043    3    8 SIDE
1044    3   20 SIDE
1045    4   12 AUX
1046    4   14 AUX
1047    4   16 AUX
1048    4    8 AUX
1049    4   20 AUX
1050    2   22 BGO
1051    2   24 BGO
1052    2   26 BGO
1053    2   28 BGO
1054    2   30 BGO
1055    1   22 GE
1056    1   24 GE
1057    1   26 GE
1058    1   28 GE
1059    1   30 GE
1060    3   22 SIDE
1061    3   24 SIDE
1062    3   26 SIDE
1063    3   28 SIDE
1064    3   30 SIDE
1065    4   22 AUX
1066    4   24 AUX
1067    4   26 AUX
1068    4   28 AUX
1069    4   30 AUX
1070    2   32 BGO
1071    2   34 BGO
1072    2   36 BGO
1073    2   38 BGO
1074    2   40 BGO
1075    1   32 GE
1076    1   34 GE
1077    1   36 GE
1078    1   38 GE
1079    1   40 GE
1080    3   32 SIDE
1081    3   34 SIDE
1082    3   36 SIDE
1083    3   38 SIDE
1084    3   40 SIDE
1085    4   32 AUX
1086    4   34 AUX
1087    4   36 AUX
1088    4   38 AUX
1089    4   40 AUX
1090    2   42 BGO
1091    2   44 BGO
1092    2   46 BGO
1093    2   48 BGO
1094    2   50 BGO
1095    1   42 GE
1096    1   44 GE
1097    1   46 GE
1098    1   48 GE
1099    1   50 GE
1100    3   42 SIDE
1101    3   44 SIDE
1102    3   46 SIDE
1103    3   48 SIDE
1104    3   50 SIDE
1105    4   42 AUX
1106    4   44 AUX
1107    4   46 AUX
1108    4   48 AUX
1109    4   50 AUX
1110    2   52 BGO
1111    2   54 BGO
1112    2   56 BGO
1113    2   58 BGO
1114    2   60 BGO
1115    1   52 GE
1116    1   54 GE
1117    1   56 GE
1118    1   58 GE
1119    1   60 GE
1120    3   52 SIDE
1121    3   54 SIDE
1122    3   56 SIDE
1123    3   58 SIDE
1124    3   60 SIDE
1125    4   52 AUX
1126    4   54 AUX
1127    4   56 AUX
1128    4   58 AUX
1129    4   60 AUX
1130    2   62 BGO
1131    2   64 BGO
1132    2   66 BGO
1133    2   68 BGO
1134    2   70 BGO
1135    1   62 GE
1136    1   64 GE
1137    1   66 GE
1138    1   68 GE
1139    1   70 GE
1140    3   62 SIDE
1141    3   64 SIDE
1142    3   66 SIDE
1143    3   68 SIDE
1144    3   70 SIDE
1145    4   62 AUX
1146    4   64 AUX
1147    4   66 AUX
1148    4   68 AUX
1149    4   70 AUX
1150    2   72 BGO
1151    2   74 BGO
1152    2   76 BGO
1153    2   78 BGO
1154    2   80 BGO
1155    1   72 GE
1156    1   74 GE
1157    1   76 GE
1158    1   78 GE
1159    1   80 GE
1160    3   72 SIDE
1161    3   74 SIDE
1162    3   76 SIDE
1163    3   78 SIDE
1164    3   80 SIDE
1165    4   72 AUX
1166    4   74 AUX
1167    4   76 AUX
1168    4   78 AUX
1169    4   80 AUX
1170    2   82 BGO
1171    2   84 BGO
1172    2   86 BGO
1173    2   88 BGO
1174    2   90 BGO
1175    1   82 GE
1176    1   84 GE
1177    1   86 GE
1178    1   88 GE
1179    1   90 GE
1180    3   82 SIDE
1181    3   84 SIDE
1182    3   86 SIDE
1183    3   88 SIDE
1184    3   90 SIDE
1185    4   82 AUX
1186    4   84 AUX
1187    4   86 AUX
1188    4   88 AUX
1189    4   90 AUX
1190    2   92 BGO
1191    2   94 BGO
1192    2   96 BGO
1193    2   98 BGO
1194    2  100 BGO
1195    1   92 GE
1196    1   94 GE
1197    1   96 GE
1198    1   98 GE
1199    1  100 GE
1200    3   92 SIDE
1201    3   94 SIDE
1202    3   96 SIDE
1203    3   98 SIDE
1204    3  100 SIDE
1205    4   92 AUX
1206    4   94 AUX
1207    4   96 AUX
1208    4   98 AUX
1209    4  100 AUX
1210    2  102 BGO
1211    2  104 BGO
1212    2  106 BGO
1213    2  108 BGO
1214    2  110 BGO
1215    1  102 GE
1216    1  104 GE
1217    1  106 GE
1218    1  108 GE
1219    1  110 GE
1220    3  102 SIDE
1221    3  104 SIDE
1222    3  106 SIDE
1223    3  108 SIDE
1224    3  110 SIDE
1225    4  102 AUX
1226    4  104 AUX
1227    4  106 AUX
1228    4  108 AUX
1229    4  110 AUX
1230    2    1 BGO
1231    2    3 BGO
1232    2    5 BGO
1233    2    7 BGO
1234    2    9 BGO
1235    1    1 GE
1236    1    3 GE
1237    1    5 GE
1238    1    7 GE
1239    1    9 GE
1240    3    1 SIDE
1241    3    3 SIDE
1242    3    5 SIDE
1243    3    7 SIDE
1244    3    9 SIDE
1245    4    1 AUX
1246    4    3 AUX
1247    4    5 AUX
1248    4    7 AUX
1249    4    9 AUX
1250    2   11 BGO
1251    2   13 BGO
1252    2   15 BGO
1253    2   17 BGO
1254    2   19 BGO
1255    1   11 GE
1256    1   13 GE
1257    1   15 GE
1258    1   17 GE
1259    1   19 GE
1260    3   11 SIDE
1261    3   13 SIDE
1262    3   15 SIDE
1263    3   17 SIDE
1264    3   19 SIDE
1265    4   11 AUX
1266    4   13 AUX
1267    4   15 AUX
1268    4   17 AUX
1269    4   19 AUX
1270    2   21 BGO
1271    2   23 BGO
1272    2   25 BGO
1273    2   27 BGO
1274    2   29 BGO
1275    1   21 GE
1276    1   23 GE
1277    1   25 GE
1278    1   27 GE
1279    1   29 GE
1280    3   21 SIDE
1281    3   23 SIDE
1282    3   25 SIDE
1283    3   27 SIDE
1284    3   29 SIDE
1285    4   21 AUX
1286    4   23 AUX
1287    4   25 AUX
1288    4   27 AUX
1289    4   29 AUX
1290    2   31 BGO
1291    2   33 BGO
1292    2   35 BGO
1293    2   37 BGO
1294    2   39 BGO
1295    1   31 GE
1296    1   33 GE
1297    1   35 GE
1298    1   37 GE
1299    1   39 GE
1300    3   31 SIDE
1301    3   33 SIDE
1302    3   35 SIDE
1303    3   37 SIDE
1304    3   39 SIDE
1305    4   31 AUX
1306    4   33 AUX
1307    4   35 AUX
1308    4   37 AUX
1309    4   39 AUX
1310    2   41 BGO
1311    2   43 BGO
1312    2   45 BGO
1313    2   47 BGO
1314    2   49 BGO
1315    1   41 GE
1316    1   43 GE
1317    1   45 GE
1318    1   47 GE
1319    1   49 GE
1320    3   41 SIDE
1321    3   43 SIDE
1322    3   45 SIDE
1323    3   47 SIDE
1324    3   49 SIDE
1325    4   41 AUX
1326    4   43 AUX
1327    4   45 AUX
1328    4   47 AUX
1329    4   49 AUX
1330    2   51 BGO
1331    2   53 BGO
1332    2   55 BGO
1333    2   57 BGO
1334    2   59 BGO
1335    1   51 GE
1336    1   53 GE
1337    1   55 GE
1338    1   57 GE
1339    1   59 GE
1340    3   51 SIDE
1341    3   53 SIDE
1342    3   55 SIDE
1343    3   57 SIDE
1344    3   59 SIDE
1345    4   51 AUX
1346    4   53 AUX
1347    4   55 AUX
1348    4   57 AUX
1349    4   59 AUX
1350    2   61 BGO
1351    2   63 BGO
1352    2   65 BGO
1353    2   67 BGO
1354    2   69 BGO
1355    1   61 GE
1356    1   63 GE
1357    1   65 GE
1358    1   67 GE
1359    1   69 GE
1360    3   61 SIDE
1361    3   63 SIDE
1362    3   65 SIDE
1363    3   67 SIDE
1364    3   69 SIDE
1365    4   61 AUX
1366    4   63 AUX
1367    4   65 AUX
1368    4   67 AUX
1369    4   69 AUX
1370    2   71 BGO
1371    2   73 BGO
1372    2   75 BGO
1373    2   77 BGO
1374    2   79 BGO
1375    1   71 GE
1376    1   73 GE
1377    1   75 GE
1378    1   77 GE
1379    1   79 GE
1380    3   71 SIDE
1381    3   73 SIDE
1382    3   75 SIDE
1383    3   77 SIDE
1384    3   79 SIDE
1385    4   71 AUX
1386    4   73 AUX
1387    4   75 AUX
1388    4   77 AUX
1389    4   79 AUX
1390    2   81 BGO
1391    2   83 BGO
1392    2   85 BGO
1393    2   87 BGO
1394    2   89 BGO
1395    1   81 GE
1396    1   83 GE
1397    1   85 GE
1398    1   87 GE
1399    1   89 GE
1400    3   81 SIDE
1401    3   83 SIDE
1402    3   85 SIDE
1403    3   87 SIDE
1404    3   89 SIDE
1405    4   81 AUX
1406    4   83 AUX
1407    4   85 AUX
1408    4   87 AUX
1409    4   89 AUX
1410    2   91 BGO
1411    2   93 BGO
1412    2   95 BGO
1413    2   97 BGO
1414    2   99 BGO
1415    1   91 GE
1416    1   93 GE
1417    1   95 GE
1418    1   97 GE
1419    1   99 GE
1420    3   91 SIDE
1421    3   93 SIDE
1422    3   95 SIDE
1423    3   97 SIDE
1424    3   99 SIDE
1425    4   91 AUX
1426    4   93 AUX
1427    4   95 AUX
1428    4   97 AUX
1429    4   99 AUX
1430    2  101 BGO
1431    2  103 BGO
1432    2  105 BGO
1433    2  107 BGO
1434    2  109 BGO
1435    1  101 GE
1436    1  103 GE
1437    1  105 GE
1438    1  107 GE
1439    1  109 GE
1440    3  101 SIDE
1441    3  103 SIDE
1442    3  105 SIDE
1443    3  107 SIDE
1444    3  109 SIDE
1445    4  101 AUX
1446    4  103 AUX
1447    4  105 AUX
1448    4  107 AUX
1449    4  109 AUX
